10.0 -3.9 -18
10.2 -2.3 -17
10.5 -2.0 -17
10.7 -2.0 -17
11.0 -2.0 -17
11.2 -2.0 -19
11.5 -2.0 -20
11.7 -2.1 -18
12.0 -2.1 -19
12.3 -2.1 -20
12.6 -2.1 -20
12.9 -2.1 -20
13.2 -2.1 -21
13.5 -2.2 -21
13.8 -2.2 -21
14.1 -2.2 -22
14.5 -2.2 -23
14.8 -2.2 -23
15.1 -2.3 -24
15.5 -2.3 -24
15.8 -2.3 -25
16.2 -2.4 -26
16.6 -2.4 -26
17.0 -2.4 -26
17.4 -2.5 -28
17.8 -2.5 -28
18.2 -2.5 -30
18.6 -2.6 -30
19.1 -2.7 -31
19.5 -2.7 -31
20.0 -2.7 -31
20.4 -2.7 -32
20.9 -2.8 -33
21.4 -2.9 -34
21.9 -3.0 -34
22.4 -3.1 -35
22.9 -3.1 -36
23.4 -3.1 -37
24.0 -3.1 -37
24.5 -3.3 -38
25.1 -3.4 -39
25.7 -3.5 -40
26.3 -3.6 -40
26.9 -3.5 -41
27.5 -3.6 -42
28.2 -3.8 -43
28.8 -3.8 -44
29.5 -4.0 -44
30.2 -4.0 -46
30.9 -4.2 -46
31.6 -4.3 -47
32.4 -4.4 -48
33.1 -4.5 -49
33.9 -4.6 -50
34.7 -4.8 -51
35.5 -5.0 -51
36.3 -5.1 -53
37.2 -5.2 -54
38.0 -5.5 -54
38.9 -5.5 -53
39.8 -5.7 -56
40.7 -5.8 -57
41.7 -6.0 -57
42.7 -6.2 -58
43.7 -6.3 -59
44.7 -6.5 -60
45.7 -6.7 -60
46.8 -6.8 -62
47.9 -7.0 -62
49.0 -7.3 -62
50.1 -7.5 -64
51.3 -7.9 -64
52.5 -8.0 -65
53.7 -8.2 -65
55.0 -8.4 -66
56.2 -8.7 -67
57.5 -9.0 -67
58.9 -9.2 -68
60.3 -9.5 -68
61.7 -9.7 -70
63.1 -10.0 -70
64.6 -10.2 -69
66.1 -10.5 -70
67.6 -10.6 -71
69.2 -11.0 -70
70.8 -11.1 -71
72.4 -11.5 -71
74.1 -11.7 -71
75.9 -11.8 -71
77.6 -12.2 -71
79.4 -12.5 -71
81.3 -12.8 -71
83.2 -13.1 -71
85.1 -13.3 -71
87.1 -13.4 -71
89.1 -13.7 -71
91.2 -14.0 -71
93.3 -14.2 -71
95.5 -14.3 -71
97.7 -14.6 -71
100.0 -14.8 -69
102.3 -15.0 -72
104.7 -15.2 -71
107.2 -15.4 -71
109.6 -15.6 -72
112.2 -15.8 -72
114.8 -16.0 -70
117.5 -16.2 -70
120.2 -16.6 -70
123.0 -16.5 -70
125.9 -16.6 -70
128.8 -16.8 -70
131.8 -16.9 -69
134.9 -17.1 -70
138.0 -17.3 -69
141.3 -17.6 -67
144.5 -17.6 -68
147.9 -17.8 -68
151.4 -17.8 -68
154.9 -18.0 -68
158.5 -18.1 -68
162.2 -18.0 -69
166.0 -18.2 -69
169.8 -18.6 -68
173.8 -18.5 -68
177.8 -18.5 -68
182.0 -18.9 -68
186.2 -18.8 -67
190.5 -18.8 -68
195.0 -18.9 -68
199.5 -19.0 -68
204.2 -19.0 -67
208.9 -19.1 -67
213.8 -19.0 -67
218.8 -19.1 -67
223.9 -19.1 -67
229.1 -19.1 -66
234.4 -19.2 -67
239.9 -19.2 -67
245.5 -19.1 -67
251.2 -19.1 -68
257.0 -19.0 -66
263.0 -19.0 -66
269.2 -19.2 -65
275.4 -18.8 -66
281.8 -18.7 -65
288.4 -18.6 -66
295.1 -18.3 -66
302.0 -18.2 -68
309.0 -17.9 -68
316.2 -17.6 -67
323.6 -17.4 -67
331.1 -17.2 -67
338.8 -16.7 -68
346.7 -16.2 -68
354.8 -15.8 -69
363.1 -15.1 -71
371.5 -14.1 -71
380.2 -12.9 -73
389.0 -11.7 -79
398.1 -10.1 -87
407.4 -7.7 -100
416.9 -5.6 -143
426.6 -5.6 -156
436.5 -6.2 178
446.7 -7.3 174
457.1 -8.5 168
467.7 -9.7 166
478.6 -10.3 161
489.8 -11.6 156
501.2 -12.5 152
512.9 -13.4 151
524.8 -14.3 149
537.0 -15.1 144
549.5 -16.1 143
562.3 -16.8 141
575.4 -18.0 141
588.8 -18.7 139
602.6 -19.8 139
616.6 -21.1 137
631.0 -21.7 137
645.7 -22.7 137
660.7 -23.2 134
676.1 -24.1 130
691.8 -24.8 133
707.9 -25.3 131
724.4 -26.3 133
741.3 -26.4 130
758.6 -27.7 131
776.2 -28.5 124
794.3 -28.9 133
812.8 -29.7 128
831.8 -30.0 127
851.1 -30.4 124
871.0 -30.7 119
891.3 -32.1 125
912.0 -31.4 125
933.3 -32.5 126
955.0 -33.5 118
977.2 -33.7 122
1000.0 -33.5 121
1023.3 -34.6 116
1047.1 -34.4 114
1071.5 -35.3 111
1096.5 -35.5 114
1122.0 -37.1 100
1148.2 -36.9 117
1174.9 -39.2 102
1202.3 -39.5 105
1230.3 -37.8 104
1258.9 -37.4 113
1288.2 -38.3 121
1318.3 -36.1 99
1349.0 -43.1 111
1380.4 -36.7 98
1412.5 -37.9 103
1445.4 -39.8 87
1479.1 -41.8 92
1513.6 -39.8 99
1548.8 -42.2 94
1584.9 -41.8 98
1621.8 -43.4 69
1659.6 -41.6 82
1698.2 -43.5 84
1737.8 -43.6 65
1778.3 -41.6 67
1819.7 -42.1 81
1862.1 -44.2 55
1905.5 -47.6 69
1949.8 -44.2 71
1995.3 -47.8 67
