10.000 10.66 -2
10.233 10.77 -2
10.471 10.80 -2
10.715 10.80 -2
10.965 10.81 -2
11.220 10.83 -2
11.482 10.84 -2
11.749 10.83 -2
12.023 10.88 -2
12.303 10.88 -2
12.589 10.89 -2
12.882 10.88 -2
13.183 10.92 -2
13.490 10.92 -2
13.804 10.91 -2
14.125 10.97 -2
14.454 10.98 -2
14.791 10.98 -2
15.136 11.02 -2
15.488 11.04 -2
15.849 11.04 -2
16.218 11.08 -2
16.596 11.11 -2
16.982 11.10 -2
17.378 11.16 -2
17.783 11.18 -2
18.197 11.23 -2
18.621 11.23 -2
19.055 11.27 -2
19.498 11.31 -2
19.953 11.31 -2
20.417 11.35 -2
20.893 11.37 -2
21.380 11.44 -2
21.878 11.44 -2
22.387 11.52 -2
22.909 11.54 -2
23.442 11.62 -2
23.988 11.61 -2
24.547 11.69 -2
25.119 11.78 -2
25.704 11.80 -6
26.303 11.90 -2
26.915 11.91 -2
27.542 11.98 -6
28.184 12.10 -6
28.840 12.11 -6
29.512 12.20 -6
30.200 12.37 -6
30.903 12.39 -6
31.623 12.49 -6
32.359 12.65 -8
33.113 12.79 -8
33.884 12.84 -8
34.674 12.96 -8
35.481 13.12 -8
36.308 13.27 -8
37.154 13.46 -8
38.019 13.61 -10
38.905 13.61 -10
39.811 13.80 -10
40.738 13.98 -10
41.687 14.20 -10
42.658 14.46 -12
43.652 14.67 -12
44.668 14.90 -14
45.709 15.19 -14
46.774 15.45 -14
47.863 15.75 -16
48.978 16.06 -17
50.119 16.67 -19
51.286 16.50 -20
52.481 16.33 -22
53.703 15.22 -25
54.954 15.52 -24
56.234 16.35 -26
57.544 16.81 -27
58.884 17.04 -28
60.256 17.29 -31
61.659 17.53 -33
63.096 17.55 -34
64.565 17.62 -37
66.069 17.64 -38
67.608 16.01 -45
69.183 15.52 -56
70.795 15.85 -59
72.444 16.63 -58
74.131 17.15 -60
75.858 17.43 -62
77.625 17.74 -63
79.433 18.07 -67
81.283 18.36 -73
83.176 18.59 -87
85.114 18.85 -90
87.096 18.90 -96
89.125 18.66 -120
91.201 14.25 -146
93.325 11.74 -166
95.499 10.68 -178
97.724 9.85 -178
100.000 9.19 -178
102.329 8.29 -178
104.713 7.61 178
107.152 6.82 178
109.648 6.26 178
112.202 5.49 178
114.815 4.96 178
117.490 4.31 178
120.226 3.68 178
123.027 3.01 178
125.893 2.62 178
128.825 2.14 178
131.826 1.53 178
134.896 0.94 178
138.038 0.22 178
141.254 -0.30 178
144.544 -0.74 178
147.911 -1.01 178
151.356 -1.93 178
154.882 -2.23 178
158.489 -2.78 178
162.181 -3.05 174
165.959 -3.54 178
169.824 -4.00 178
173.780 -4.42 178
177.828 -4.64 174
181.970 -5.30 178
186.209 -5.33 178
190.546 -6.14 174
194.984 -6.22 174
199.526 -6.59 174
204.174 -7.06 174
208.930 -7.49 170
213.796 -6.98 174
218.776 -7.96 178
223.872 -7.63 174
229.087 -7.10 172
234.423 -7.46 172
239.883 -7.01 170
245.471 -3.48 152
251.189 1.42 65
257.039 1.69 94
263.027 -2.73 94
269.153 -9.14 114
275.423 -12.95 139
281.838 -14.93 155
288.403 -14.40 170
295.121 -15.36 172
301.995 -14.33 174
309.029 -14.49 178
316.228 -16.08 178
323.593 -16.92 170
331.131 -16.43 172
338.844 -17.06 -170
346.737 -16.33 -174
354.813 -14.98 -168
363.078 -17.27 172
371.535 -15.87 164
380.189 -17.14 168
389.045 -16.94 163
398.107 -18.92 159
407.380 -16.47 164
416.869 -16.40 -168
426.579 -17.61 159
436.516 -19.64 170
446.683 -18.59 144
457.088 -18.24 161
467.735 -17.16 163
478.630 -17.08 163
489.779 -19.89 154
501.187 -20.08 141
512.861 -21.99 155
524.807 -22.15 149
537.031 -20.66 139
549.541 -19.65 141
562.341 -19.27 159
575.440 -20.17 153
588.843 -20.28 126
602.559 -20.90 140
616.595 -20.93 139
630.957 -20.06 151
645.654 -22.46 147
660.693 -21.46 133
676.083 -21.59 134
691.830 -19.93 140
707.945 -24.03 121
724.436 -22.10 144
741.310 -21.15 152
758.578 -23.17 123
776.247 -21.82 116
794.328 -23.68 104
812.830 -24.91 132
831.764 -27.17 112
851.137 -21.65 131
870.963 -22.24 102
891.251 -21.65 100
912.011 -19.98 102
933.253 -23.58 74
954.992 -24.69 92
977.237 -26.97 112
1000.000 -24.65 120
1023.293 -20.34 98
1047.128 -25.97 97
1071.519 -25.75 125
1096.478 -22.58 99
1122.018 -22.55 115
1148.153 -25.40 114
1174.897 -27.26 85
1202.264 -24.96 66
1230.268 -25.64 85
1258.925 -25.63 113
1288.248 -22.27 85
1318.256 -25.67 61
1348.962 -29.68 50
1380.383 -30.01 71
1412.536 -24.70 75
1445.440 -26.89 78
1479.107 -22.75 51
1513.561 -25.15 38
1548.817 -26.70 37
1584.892 -23.31 17
1621.810 -26.00 43
1659.587 -24.25 58
1698.243 -27.58 65
1737.800 -25.75 48
1778.279 -26.42 43
1819.700 -27.06 43
1862.087 -26.37 51
1905.460 -24.14 31
1949.844 -24.55 52
1995.262 -24.88 25
2041.737 -23.29 28
2089.294 -22.70 41
2137.960 -26.80 55
2187.761 -22.75 34
2238.719 -26.12 63
2290.866 -24.27 50
2344.227 -24.76 26
2398.831 -23.18 55
2454.708 -25.65 34
2511.885 -22.16 40
2570.393 -26.28 61
2630.267 -24.01 40
2691.534 -22.74 67
2754.229 -25.21 86
2818.382 -23.01 61
2884.031 -25.78 63
2951.208 -24.43 65
3019.953 -24.64 91
3090.295 -25.92 101
3162.275 -24.25 74
3235.936 -24.80 64
3311.311 -27.77 -125
3388.439 -24.66 -107
3467.369 -26.67 -106
3548.132 -28.00 -85
3630.779 -26.27 -82
3715.353 -22.80 -102
3801.892 -26.32 -99
3890.450 -19.82 -99
3981.070 -26.83 -124
4073.801 -29.38 -110
4168.689 -21.95 -112
4265.794 -23.16 -116
4365.157 -27.77 -131
4466.832 -28.60 -134
4570.881 -18.00 -116
4677.348 -23.50 -126
4786.297 -27.76 -118
4897.788 -26.40 -124
5011.869 -18.39 -105
5128.614 -22.19 -111
5248.072 -24.66 -114
5370.315 -33.50 -100
5495.410 -30.55 -102
5623.411 -23.72 -104
5754.396 -24.27 -101
5888.434 -28.68 -81
6025.593 -31.35 -84
6165.944 -34.27 -69
6309.572 -22.08 -87
6456.541 -21.42 -72
6606.929 -29.78 -101
6760.829 -34.67 -75
6918.305 -40.58 -87
7079.453 -34.29 -66
7244.359 -20.63 -89
7413.098 -24.10 -88
7585.766 -31.34 -94
7762.466 -33.41 -85
7943.278 -40.99 -114
8128.295 -39.10 -93
8317.634 -40.47 -99
8511.372 -24.35 -88
8709.627 -18.90 -83
8912.506 -19.55 -89
9120.112 -29.14 -90
9332.541 -29.71 -90
9549.923 -30.64 -75
9772.371 -37.91 -89
9999.999 -37.26 -96
10232.936 -12.96 -91
