10.000000 10.660000 -2.000000
10.233000 10.770000 -2.000000
10.471000 10.800000 -2.000000
10.715000 10.800000 -2.000000
10.965000 10.810000 -2.000000
11.220000 10.830000 -2.000000
11.482000 10.840000 -2.000000
11.749000 10.830000 -2.000000
12.023000 10.880000 -2.000000
12.303000 10.880000 -2.000000
12.589000 10.890000 -2.000000
12.882000 10.880000 -2.000000
13.183000 10.920000 -2.000000
13.490000 10.920000 -2.000000
13.804000 10.910000 -2.000000
14.125000 10.970000 -2.000000
14.454000 10.980000 -2.000000
14.791000 10.980000 -2.000000
15.136000 11.020000 -2.000000
15.488000 11.040000 -2.000000
15.849000 11.040000 -2.000000
16.218000 11.080000 -2.000000
16.596000 11.110000 -2.000000
16.982000 11.100000 -2.000000
17.378000 11.160000 -2.000000
17.783000 11.180000 -2.000000
18.197000 11.230000 -2.000000
18.621000 11.230000 -2.000000
19.055000 11.270000 -2.000000
19.498000 11.310000 -2.000000
19.953000 11.310000 -2.000000
20.417000 11.350000 -2.000000
20.893000 11.370000 -2.000000
21.380000 11.440000 -2.000000
21.878000 11.440000 -2.000000
22.387000 11.520000 -2.000000
22.909000 11.540000 -2.000000
23.442000 11.620000 -2.000000
23.988000 11.610000 -2.000000
24.547000 11.690000 -2.000000
25.119000 11.780000 -2.000000
25.704000 11.800000 -6.000000
26.303000 11.900000 -2.000000
26.915000 11.910000 -2.000000
27.542000 11.980000 -6.000000
28.184000 12.100000 -6.000000
28.840000 12.110000 -6.000000
29.512000 12.200000 -6.000000
30.200000 12.370000 -6.000000
30.903000 12.390000 -6.000000
31.623000 12.490000 -6.000000
32.359000 12.650000 -8.000000
33.113000 12.790000 -8.000000
33.884000 12.840000 -8.000000
34.674000 12.960000 -8.000000
35.481000 13.120000 -8.000000
36.308000 13.270000 -8.000000
37.154000 13.460000 -8.000000
38.019000 13.610000 -10.000000
38.905000 13.610000 -10.000000
39.811000 13.800000 -10.000000
40.738000 13.980000 -10.000000
41.687000 14.200000 -10.000000
42.658000 14.460000 -12.000000
43.652000 14.670000 -12.000000
44.668000 14.900000 -14.000000
45.709000 15.190000 -14.000000
46.774000 15.450000 -14.000000
47.863000 15.750000 -16.000000
48.978000 16.060000 -17.000000
50.119000 16.670000 -19.000000
51.286000 16.500000 -20.000000
52.481000 16.330000 -22.000000
53.703000 15.220000 -25.000000
54.954000 15.520000 -24.000000
56.234000 16.350000 -26.000000
57.544000 16.810000 -27.000000
58.884000 17.040000 -28.000000
60.256000 17.290000 -31.000000
61.659000 17.530000 -33.000000
63.096000 17.550000 -34.000000
64.565000 17.620000 -37.000000
66.069000 17.640000 -38.000000
67.608000 16.010000 -45.000000
69.183000 15.520000 -56.000000
70.795000 15.850000 -59.000000
72.444000 16.630000 -58.000000
74.131000 17.150000 -60.000000
75.858000 17.430000 -62.000000
77.625000 17.740000 -63.000000
79.433000 18.070000 -67.000000
81.283000 18.360000 -73.000000
83.176000 18.590000 -87.000000
85.114000 18.850000 -90.000000
87.096000 18.900000 -96.000000
89.125000 18.660000 -120.000000
91.201000 14.250000 -146.000000
93.325000 11.740000 -166.000000
95.499000 10.680000 -178.000000
97.724000 9.850000 -178.000000
100.000000 9.190000 -178.000000
102.329000 8.290000 -178.000000
104.713000 7.610000 178.000000
107.152000 6.820000 178.000000
109.648000 6.260000 178.000000
112.202000 5.490000 178.000000
114.815000 4.960000 178.000000
117.490000 4.310000 178.000000
120.226000 3.680000 178.000000
123.027000 3.010000 178.000000
125.893000 2.620000 178.000000
128.825000 2.140000 178.000000
131.826000 1.530000 178.000000
134.896000 0.940000 178.000000
138.038000 0.220000 178.000000
141.254000 -0.300000 178.000000
144.544000 -0.740000 178.000000
147.911000 -1.010000 178.000000
151.356000 -1.930000 178.000000
154.882000 -2.230000 178.000000
158.489000 -2.780000 178.000000
162.181000 -3.050000 174.000000
165.959000 -3.540000 178.000000
169.824000 -4.000000 178.000000
173.780000 -4.420000 178.000000
177.828000 -4.640000 174.000000
181.970000 -5.300000 178.000000
186.209000 -5.330000 178.000000
190.546000 -6.140000 174.000000
194.984000 -6.220000 174.000000
199.526000 -6.590000 174.000000
204.174000 -7.060000 174.000000
208.930000 -7.490000 170.000000
213.796000 -6.980000 174.000000
218.776000 -7.960000 178.000000
223.872000 -7.630000 174.000000
229.087000 -7.100000 172.000000
234.423000 -7.460000 172.000000
239.883000 -7.010000 170.000000
245.471000 -3.480000 152.000000
251.189000 1.420000 65.000000
257.039000 1.690000 94.000000
263.027000 -2.730000 94.000000
269.153000 -9.140000 114.000000
275.423000 -12.950000 139.000000
281.838000 -14.930000 155.000000
288.403000 -14.400000 170.000000
295.121000 -15.360000 172.000000
301.995000 -14.330000 174.000000
309.029000 -14.490000 178.000000
