10 10.66 -2
10.233 10.77 -2
10.471 10.8 -2
10.715 10.8 -2
10.965 10.81 -2
11.22 10.83 -2
11.482 10.84 -2
11.749 10.83 -2
12.023 10.88 -2
12.303 10.88 -2
12.589 10.89 -2
12.882 10.88 -2
13.183 10.92 -2
13.49 10.92 -2
13.804 10.91 -2
14.125 10.97 -2
14.454 10.98 -2
14.791 10.98 -2
15.136 11.02 -2
15.488 11.04 -2
15.849 11.04 -2
16.218 11.08 -2
16.596 11.11 -2
16.982 11.1 -2
17.378 11.16 -2
17.783 11.18 -2
18.197 11.23 -2
18.621 11.23 -2
19.055 11.27 -2
19.498 11.31 -2
19.953 11.31 -2
20.417 11.35 -2
20.893 11.37 -2
21.38 11.44 -2
21.878 11.44 -2
22.387 11.52 -2
22.909 11.54 -2
23.442 11.62 -2
23.988 11.61 -2
24.547 11.69 -2
25.119 11.78 -2
25.704 11.8 -6
26.303 11.9 -2
26.915 11.91 -2
27.542 11.98 -6
28.184 12.1 -6
28.84 12.11 -6
29.512 12.2 -6
30.2 12.37 -6
30.903 12.39 -6
31.623 12.49 -6
32.359 12.65 -8
33.113 12.79 -8
33.884 12.84 -8
34.674 12.96 -8
35.481 13.12 -8
36.308 13.27 -8
37.154 13.46 -8
38.019 13.61 -10
38.905 13.61 -10
39.811 13.8 -10
40.738 13.98 -10
41.687 14.2 -10
42.658 14.46 -12
43.652 14.67 -12
44.668 14.9 -14
45.709 15.19 -14
46.774 15.45 -14
47.863 15.75 -16
48.978 16.06 -17
50.119 16.67 -19
51.286 16.5 -20
52.481 16.33 -22
53.703 15.22 -25
54.954 15.52 -24
56.234 16.35 -26
57.544 16.81 -27
58.884 17.04 -28
60.256 17.29 -31
61.659 17.53 -33
63.096 17.55 -34
64.565 17.62 -37
66.069 17.64 -38
67.608 16.01 -45
69.183 15.52 -56
70.795 15.85 -59
72.444 16.63 -58
74.131 17.15 -60
75.858 17.43 -62
77.625 17.74 -63
79.433 18.07 -67
81.283 18.36 -73
83.176 18.59 -87
85.114 18.85 -90
87.096 18.9 -96
89.125 18.66 -120
91.201 14.25 -146
93.325 11.74 -166
95.499 10.68 -178
97.724 9.85 -178
100 9.19 -178
102.329 8.29 -178
104.713 7.61 178
107.152 6.82 178
109.648 6.26 178
112.202 5.49 178
114.815 4.96 178
117.49 4.31 178
120.226 3.68 178
123.027 3.01 178
125.893 2.62 178
128.825 2.14 178
131.826 1.53 178
134.896 0.94 178
138.038 0.22 178
141.254 -0.3 178
144.544 -0.74 178
147.911 -1.01 178
151.356 -1.93 178
154.882 -2.23 178
158.489 -2.78 178
162.181 -3.05 174
165.959 -3.54 178
169.824 -4 178
173.78 -4.42 178
177.828 -4.64 174
181.97 -5.3 178
186.209 -5.33 178
190.546 -6.14 174
194.984 -6.22 174
199.526 -6.59 174
204.174 -7.06 174
208.93 -7.49 170
213.796 -6.98 174
218.776 -7.96 178
223.872 -7.63 174
229.087 -7.1 172
234.423 -7.46 172
239.883 -7.01 170
245.471 -3.48 152
251.189 1.42 65
257.039 1.69 94
263.027 -2.73 94
269.153 -9.14 114
275.423 -12.95 139
281.838 -14.93 155
288.403 -14.4 170
295.121 -15.36 172
301.995 -14.33 174
309.029 -14.49 178
