10 -2.1 -18
10.2 -2.1 -17
10.5 -2.1 -17
10.7 -2.1 -17
11 -2.1 -17
11.2 -2.1 -19
11.5 -2.2 -19
11.7 -2.2 -19
12 -2.2 -21
12.3 -2.2 -21
12.6 -2.2 -21
12.9 -2.2 -21
13.2 -2.3 -22
13.5 -2.3 -22
13.8 -2.3 -23
14.1 -2.4 -24
14.5 -2.4 -25
14.8 -2.4 -24
15.1 -2.5 -26
15.5 -2.5 -26
15.8 -2.5 -26
16.2 -2.6 -28
16.6 -2.6 -28
17 -2.6 -29
17.4 -2.6 -30
17.8 -2.7 -30
18.2 -2.8 -31
18.6 -2.8 -32
19.1 -2.9 -32
19.5 -2.9 -34
20 -2.9 -33
20.4 -3 -34
20.9 -3 -35
21.4 -3.1 -36
21.9 -3.1 -36
22.4 -3.3 -37
22.9 -3.3 -38
23.4 -3.4 -39
24 -3.4 -39
24.5 -3.5 -39
25.1 -3.7 -41
25.7 -3.7 -42
26.3 -3.8 -43
26.9 -3.9 -43
27.5 -4 -44
28.2 -4.1 -45
28.8 -4.2 -45
29.5 -4.3 -47
30.2 -4.5 -48
30.9 -4.4 -48
31.6 -4.6 -49
32.4 -4.8 -50
33.1 -5 -51
33.9 -5 -51
34.7 -5.2 -53
35.5 -5.3 -54
36.3 -5.5 -54
37.2 -5.6 -56
38 -5.9 -57
38.9 -5.9 -56
39.8 -6 -57
40.7 -6.2 -58
41.7 -6.4 -59
42.7 -6.7 -60
43.7 -6.8 -61
44.7 -7 -62
45.7 -7.2 -62
46.8 -7.4 -63
47.9 -7.5 -64
49 -7.8 -64
50.1 -8.1 -65
51.3 -8.4 -65
52.5 -8.6 -67
53.7 -8.7 -67
55 -9 -67
56.2 -9.3 -68
57.5 -9.4 -69
58.9 -9.7 -68
60.3 -10.1 -70
61.7 -10.3 -69
63.1 -10.5 -70
64.6 -10.8 -71
66.1 -11.1 -71
67.6 -11.4 -69
69.2 -11.6 -71
70.8 -11.8 -71
72.4 -12.1 -72
74.1 -12.5 -71
75.9 -12.6 -71
77.6 -12.9 -71
79.4 -13.2 -71
81.3 -13.4 -72
83.2 -13.7 -71
85.1 -13.8 -72
87.1 -14.1 -72
89.1 -14.4 -71
91.2 -14.6 -71
93.3 -14.8 -71
95.5 -15 -71
97.7 -15.2 -71
100 -15.4 -71
102.3 -15.5 -71
104.7 -15.8 -71
107.2 -16.1 -70
109.6 -16.2 -70
112.2 -16.4 -70
114.8 -16.5 -69
117.5 -16.8 -70
120.2 -16.9 -70
123 -17.1 -70
125.9 -17.5 -70
128.8 -17.5 -68
131.8 -17.5 -70
134.9 -17.7 -67
138 -17.9 -67
141.3 -18.1 -68
144.5 -18.2 -68
147.9 -18.2 -70
151.4 -18.5 -67
154.9 -18.6 -67
158.5 -18.7 -67
162.2 -18.8 -67
166 -18.9 -68
169.8 -18.9 -67
173.8 -19 -68
177.8 -19.1 -68
182 -18.9 -67
186.2 -19.3 -67
190.5 -19.3 -67
195 -19.4 -67
199.5 -19.8 -67
204.2 -19.7 -65
208.9 -19.6 -66
213.8 -19.7 -68
218.8 -19.7 -68
223.9 -19.7 -66
229.1 -19.8 -65
234.4 -19.8 -66
239.9 -19.9 -66
245.5 -19.8 -66
251.2 -19.8 -65
257 -19.8 -65
263 -19.6 -65
269.2 -19.6 -66
275.4 -19.8 -66
281.8 -19.4 -65
288.4 -19.3 -65
295.1 -19.5 -66
302 -19 -66
309 -19.2 -68
316.2 -18.4 -65
323.6 -18.4 -67
331.1 -18.2 -67
338.8 -17.6 -67
346.7 -17.4 -68
354.8 -16.9 -68
363.1 -16.5 -69
371.5 -15.9 -72
380.2 -14.8 -74
389 -13.7 -75
398.1 -12.4 -77
407.4 -10.7 -83
416.9 -7.8 -100
426.6 -4.5 -168
436.5 -5.3 -178
446.7 -6.7 178
457.1 -8.1 170
467.7 -9.4 166
478.6 -10.8 166
489.8 -11.6 162
501.2 -12.6 161
512.9 -13.6 158
524.8 -14.7 155
537 -15.4 153
549.5 -16.3 149
562.3 -17 149
575.4 -17.9 147
588.8 -18.8 140
602.6 -19.9 141
616.6 -20.5 138
631 -21 139
645.7 -22.4 137
660.7 -23.2 136
676.1 -24.1 136
691.8 -24.4 138
707.9 -25.6 130
724.4 -26.1 131
741.3 -26.5 130
758.6 -27.6 130
776.2 -29.1 128
794.3 -28.9 126
812.8 -29.3 126
831.8 -29.9 127
851.1 -29.8 124
871 -30.8 119
891.3 -31.9 130
912 -31.1 125
933.3 -32.7 120
955 -33.4 125
977.2 -34.3 118
1000 -32.8 117
1023.3 -34 116
1047.1 -34.8 121
1071.5 -35.8 121
1096.5 -36.6 112
1122 -36.3 106
1148.2 -37.7 116
1174.9 -36.9 113
1202.3 -37.1 116
1230.3 -37.9 116
1258.9 -39.6 104
1288.2 -37 99
1318.3 -37.9 108
1349 -39.7 107
1380.4 -38 94
1412.5 -42.2 105
1445.4 -40.2 97
1479.1 -38.9 85
1513.6 -40.8 85
1548.8 -41.6 90
1584.9 -43.6 97
1621.8 -38.9 73
1659.6 -39.1 76
1698.2 -42.6 91
1737.8 -43 69
1778.3 -42.7 74
1819.7 -41.6 75
1862.1 -44.6 84
1905.5 -42.9 68
1949.8 -42.5 71
1995.3 -45.3 79
